iter      cost      cost_change  |gradient|   |step|    tr_ratio  tr_radius  ls_iter  iter_time  total_time
   0  8.204575e+01    0.00e+00    4.08e+02   0.00e+00   0.00e+00  1.00e+04        0    2.21e-02    2.78e-02
   1  8.139179e+01    6.54e-01    1.22e+02   0.00e+00   9.60e-01  3.00e+04        1    6.12e-03    3.43e-02
   2  8.133594e+01    5.58e-02    2.31e+02   2.34e+00   4.11e-01  2.98e+04        1    4.15e-03    3.85e-02
   3  8.122055e+01    1.15e-01    8.18e+01   2.34e+00   9.21e-01  7.37e+04        1    3.54e-03    4.21e-02
   4  8.117000e+01    5.05e-02    1.09e+02   5.53e+00   6.79e-01  7.73e+04        1    4.62e-03    4.68e-02
   5  8.109756e+01    7.24e-02    8.53e+01   5.48e+00   9.27e-01  2.05e+05        1    3.83e-03    5.07e-02
   6  8.105434e+01    4.32e-02    3.49e+02   1.15e+01   4.40e-01  2.04e+05        1    3.88e-03    5.47e-02
   7  8.095985e+01    9.45e-02    2.34e+02   9.41e+00   8.02e-01  2.62e+05        1    3.69e-03    5.84e-02
   8  8.090915e+01    5.07e-02    2.25e+02   9.18e+00   7.10e-01  2.83e+05        1    3.62e-03    6.21e-02
   9  8.086740e+01    4.17e-02    1.49e+02   7.39e+00   8.26e-01  3.92e+05        1    3.64e-03    6.58e-02
  10  8.084563e+01    2.18e-02    1.30e+02   6.73e+00   7.72e-01  4.67e+05        1    4.16e-03    7.01e-02
  11  8.083143e+01    1.42e-02    7.52e+01   4.91e+00   8.76e-01  8.15e+05        1    3.60e-03    7.37e-02
  12  8.082580e+01    5.63e-03    5.80e+01   3.79e+00   8.34e-01  1.16e+06        1    3.52e-03    7.73e-02
  13  8.082326e+01    2.53e-03    2.64e+01   1.76e+00   9.40e-01  3.48e+06        1    3.60e-03    8.10e-02
  14  8.082530e+01   -2.03e-03    2.64e+01   1.86e+00  -2.07e+00  1.74e+06        1    1.29e-03    8.23e-02
  15  8.082272e+01    5.48e-04    1.61e+01   7.89e-01   7.58e-01  2.02e+06        1    3.38e-03    8.58e-02
  16  8.082257e+01    1.48e-04    1.49e+01   1.30e+00   2.88e-01  1.87e+06        1    3.60e-03    8.95e-02
  17  8.082222e+01    3.49e-04    1.29e+01   1.40e+00   5.44e-01  1.87e+06        1    3.63e-03    9.32e-02
  18  8.082196e+01    2.61e-04    1.29e+01   1.48e+00   4.65e-01  1.87e+06        1    3.65e-03    9.69e-02
  19  8.082169e+01    2.67e-04    1.30e+01   1.51e+00   4.66e-01  1.87e+06        1    3.55e-03    1.01e-01
  20  8.082142e+01    2.69e-04    1.30e+01   1.52e+00   4.65e-01  1.87e+06        1    4.29e-03    1.05e-01
  21  8.082115e+01    2.70e-04    1.31e+01   1.52e+00   4.65e-01  1.87e+06        1    3.69e-03    1.09e-01
  22  8.082088e+01    2.71e-04    1.32e+01   1.53e+00   4.64e-01  1.87e+06        1    3.58e-03    1.12e-01
  23  8.082061e+01    2.72e-04    1.33e+01   1.53e+00   4.63e-01  1.87e+06        1    3.56e-03    1.16e-01
  24  8.082034e+01    2.73e-04    1.34e+01   1.53e+00   4.62e-01  1.87e+06        1    3.70e-03    1.20e-01
  25  8.082006e+01    2.74e-04    1.35e+01   1.53e+00   4.61e-01  1.87e+06        1    3.77e-03    1.24e-01
  26  8.081979e+01    2.76e-04    1.36e+01   1.53e+00   4.61e-01  1.87e+06        1    3.65e-03    1.27e-01
  27  8.081951e+01    2.77e-04    1.36e+01   1.53e+00   4.60e-01  1.87e+06        1    3.58e-03    1.31e-01
  28  8.081923e+01    2.78e-04    1.37e+01   1.53e+00   4.59e-01  1.87e+06        1    3.51e-03    1.35e-01
  29  8.081895e+01    2.79e-04    1.38e+01   1.54e+00   4.58e-01  1.87e+06        1    4.65e-03    1.39e-01
  30  8.081867e+01    2.80e-04    1.39e+01   1.54e+00   4.58e-01  1.86e+06        1    3.59e-03    1.43e-01
  31  8.081839e+01    2.81e-04    1.40e+01   1.54e+00   4.57e-01  1.86e+06        1    3.46e-03    1.46e-01
  32  8.081811e+01    2.82e-04    1.41e+01   1.54e+00   4.56e-01  1.86e+06        1    3.57e-03    1.50e-01
  33  8.081783e+01    2.83e-04    1.42e+01   1.54e+00   4.56e-01  1.86e+06        1    3.63e-03    1.54e-01
  34  8.081755e+01    2.84e-04    1.42e+01   1.54e+00   4.55e-01  1.86e+06        1    3.71e-03    1.58e-01
  35  8.081726e+01    2.85e-04    1.43e+01   1.54e+00   4.54e-01  1.86e+06        1    3.62e-03    1.61e-01
  36  8.081698e+01    2.86e-04    1.44e+01   1.54e+00   4.54e-01  1.86e+06        1    3.67e-03    1.65e-01
  37  8.081669e+01    2.87e-04    1.45e+01   1.54e+00   4.53e-01  1.85e+06        1    3.60e-03    1.69e-01
  38  8.081640e+01    2.88e-04    1.46e+01   1.54e+00   4.53e-01  1.85e+06        1    3.62e-03    1.72e-01
  39  8.081611e+01    2.89e-04    1.47e+01   1.54e+00   4.52e-01  1.85e+06        1    3.90e-03    1.76e-01
  40  8.081582e+01    2.90e-04    1.47e+01   1.54e+00   4.52e-01  1.85e+06        1    3.70e-03    1.80e-01
  41  8.081553e+01    2.91e-04    1.48e+01   1.54e+00   4.51e-01  1.85e+06        1    4.72e-03    1.85e-01
  42  8.081524e+01    2.92e-04    1.49e+01   1.54e+00   4.51e-01  1.85e+06        1    5.29e-03    1.90e-01
  43  8.081495e+01    2.92e-04    1.50e+01   1.54e+00   4.50e-01  1.84e+06        1    5.64e-03    1.96e-01
  44  8.081465e+01    2.93e-04    1.51e+01   1.55e+00   4.50e-01  1.84e+06        1    5.35e-03    2.01e-01
  45  8.081436e+01    2.94e-04    1.52e+01   1.55e+00   4.49e-01  1.84e+06        1    5.51e-03    2.07e-01
  46  8.081406e+01    2.95e-04    1.52e+01   1.55e+00   4.49e-01  1.84e+06        1    5.34e-03    2.12e-01
  47  8.081377e+01    2.96e-04    1.53e+01   1.55e+00   4.49e-01  1.84e+06        1    7.56e-03    2.20e-01
  48  8.081347e+01    2.97e-04    1.54e+01   1.55e+00   4.48e-01  1.83e+06        1    4.59e-03    2.25e-01
  49  8.081317e+01    2.98e-04    1.55e+01   1.55e+00   4.48e-01  1.83e+06        1    4.74e-03    2.30e-01
  50  8.081287e+01    2.99e-04    1.56e+01   1.55e+00   4.48e-01  1.83e+06        1    4.42e-03    2.34e-01
  51  8.081257e+01    3.00e-04    1.56e+01   1.55e+00   4.47e-01  1.83e+06        1    4.97e-03    2.39e-01
  52  8.081227e+01    3.01e-04    1.57e+01   1.55e+00   4.47e-01  1.83e+06        1    4.05e-03    2.43e-01
  53  8.081197e+01    3.02e-04    1.58e+01   1.55e+00   4.47e-01  1.82e+06        1    7.87e-03    2.51e-01
  54  8.081167e+01    3.03e-04    1.59e+01   1.55e+00   4.46e-01  1.82e+06        1    4.61e-03    2.56e-01
  55  8.081136e+01    3.04e-04    1.60e+01   1.55e+00   4.46e-01  1.82e+06        1    5.79e-03    2.62e-01
  56  8.081106e+01    3.05e-04    1.60e+01   1.55e+00   4.46e-01  1.82e+06        1    5.60e-03    2.67e-01
  57  8.081075e+01    3.05e-04    1.61e+01   1.55e+00   4.46e-01  1.81e+06        1    6.43e-03    2.74e-01
  58  8.081045e+01    3.06e-04    1.62e+01   1.55e+00   4.45e-01  1.81e+06        1    4.24e-03    2.78e-01
  59  8.081014e+01    3.07e-04    1.63e+01   1.55e+00   4.45e-01  1.81e+06        1    4.62e-03    2.83e-01
  60  8.080983e+01    3.08e-04    1.64e+01   1.55e+00   4.45e-01  1.81e+06        1    5.75e-03    2.89e-01
  61  8.080952e+01    3.09e-04    1.64e+01   1.55e+00   4.45e-01  1.80e+06        1    5.10e-03    2.94e-01
  62  8.080921e+01    3.10e-04    1.65e+01   1.55e+00   4.45e-01  1.80e+06        1    4.19e-03    2.98e-01
  63  8.080890e+01    3.11e-04    1.66e+01   1.55e+00   4.44e-01  1.80e+06        1    7.21e-03    3.06e-01
  64  8.080859e+01    3.12e-04    1.67e+01   1.54e+00   4.44e-01  1.80e+06        1    3.81e-03    3.10e-01
  65  8.080828e+01    3.13e-04    1.68e+01   1.54e+00   4.44e-01  1.80e+06        1    3.53e-03    3.13e-01
  66  8.080797e+01    3.13e-04    1.68e+01   1.54e+00   4.44e-01  1.79e+06        1    3.81e-03    3.17e-01
  67  8.080765e+01    3.14e-04    1.69e+01   1.54e+00   4.44e-01  1.79e+06        1    4.26e-03    3.21e-01
  68  8.080734e+01    3.15e-04    1.70e+01   1.54e+00   4.44e-01  1.79e+06        1    3.61e-03    3.25e-01
  69  8.080702e+01    3.16e-04    1.71e+01   1.54e+00   4.44e-01  1.78e+06        1    3.59e-03    3.29e-01
  70  8.080670e+01    3.17e-04    1.72e+01   1.54e+00   4.43e-01  1.78e+06        1    4.02e-03    3.33e-01
  71  8.080639e+01    3.18e-04    1.72e+01   1.54e+00   4.43e-01  1.78e+06        1    4.56e-03    3.38e-01
  72  8.080607e+01    3.19e-04    1.73e+01   1.54e+00   4.43e-01  1.78e+06        1    3.63e-03    3.41e-01
  73  8.080575e+01    3.19e-04    1.74e+01   1.54e+00   4.43e-01  1.77e+06        1    3.71e-03    3.45e-01
  74  8.080543e+01    3.20e-04    1.75e+01   1.54e+00   4.43e-01  1.77e+06        1    3.64e-03    3.49e-01
  75  8.080511e+01    3.21e-04    1.76e+01   1.54e+00   4.43e-01  1.77e+06        1    4.43e-03    3.53e-01
  76  8.080478e+01    3.22e-04    1.77e+01   1.54e+00   4.43e-01  1.77e+06        1    3.68e-03    3.57e-01
  77  8.080446e+01    3.23e-04    1.77e+01   1.54e+00   4.43e-01  1.76e+06        1    3.60e-03    3.61e-01
  78  8.080414e+01    3.24e-04    1.78e+01   1.54e+00   4.43e-01  1.76e+06        1    3.73e-03    3.65e-01
  79  8.080381e+01    3.25e-04    1.79e+01   1.54e+00   4.43e-01  1.76e+06        1    4.88e-03    3.70e-01
  80  8.080349e+01    3.25e-04    1.80e+01   1.54e+00   4.43e-01  1.76e+06        1    3.64e-03    3.73e-01
  81  8.080316e+01    3.26e-04    1.81e+01   1.54e+00   4.43e-01  1.75e+06        1    3.74e-03    3.77e-01
  82  8.080283e+01    3.27e-04    1.81e+01   1.54e+00   4.42e-01  1.75e+06        1    3.65e-03    3.81e-01
  83  8.080251e+01    3.28e-04    1.82e+01   1.54e+00   4.42e-01  1.75e+06        1    4.37e-03    3.85e-01
  84  8.080218e+01    3.29e-04    1.83e+01   1.54e+00   4.42e-01  1.75e+06        1    3.85e-03    3.89e-01
  85  8.080185e+01    3.30e-04    1.84e+01   1.54e+00   4.42e-01  1.74e+06        1    4.45e-03    3.94e-01
  86  8.080152e+01    3.31e-04    1.85e+01   1.54e+00   4.42e-01  1.74e+06        1    3.61e-03    3.97e-01
  87  8.080118e+01    3.31e-04    1.86e+01   1.53e+00   4.42e-01  1.74e+06        1    4.78e-03    4.02e-01
  88  8.080085e+01    3.32e-04    1.86e+01   1.53e+00   4.42e-01  1.73e+06        1    3.74e-03    4.06e-01
  89  8.080052e+01    3.33e-04    1.87e+01   1.53e+00   4.42e-01  1.73e+06        1    3.52e-03    4.10e-01
  90  8.080019e+01    3.34e-04    1.88e+01   1.53e+00   4.42e-01  1.73e+06        1    3.48e-03    4.13e-01
  91  8.079985e+01    3.35e-04    1.89e+01   1.53e+00   4.42e-01  1.73e+06        1    3.95e-03    4.17e-01
  92  8.079951e+01    3.36e-04    1.90e+01   1.53e+00   4.42e-01  1.72e+06        1    3.77e-03    4.21e-01
  93  8.079918e+01    3.36e-04    1.91e+01   1.53e+00   4.42e-01  1.72e+06        1    3.52e-03    4.25e-01
  94  8.079884e+01    3.37e-04    1.91e+01   1.53e+00   4.42e-01  1.72e+06        1    3.62e-03    4.28e-01
  95  8.079850e+01    3.38e-04    1.92e+01   1.53e+00   4.42e-01  1.72e+06        1    3.50e-03    4.32e-01
  96  8.079816e+01    3.39e-04    1.93e+01   1.53e+00   4.42e-01  1.71e+06        1    4.37e-03    4.36e-01
  97  8.079782e+01    3.40e-04    1.94e+01   1.53e+00   4.42e-01  1.71e+06        1    3.46e-03    4.40e-01
  98  8.079748e+01    3.41e-04    1.95e+01   1.53e+00   4.42e-01  1.71e+06        1    3.42e-03    4.43e-01
  99  8.079714e+01    3.42e-04    1.96e+01   1.53e+00   4.42e-01  1.71e+06        1    3.41e-03    4.47e-01
 100  8.079680e+01    3.42e-04    1.97e+01   1.53e+00   4.42e-01  1.70e+06        1    3.82e-03    4.51e-01
iter      cost      cost_change  |gradient|   |step|    tr_ratio  tr_radius  ls_iter  iter_time  total_time
   0  2.925027e+02    0.00e+00    3.51e+02   0.00e+00   0.00e+00  1.00e+04        0    8.53e-03    1.63e-02
   1  2.880190e+02    4.48e+00    1.40e+01   0.00e+00   1.00e+00  3.00e+04        1    1.19e-02    2.83e-02
   2  2.880000e+02    1.90e-02    4.33e+01   2.96e+00   9.69e-01  9.00e+04        1    1.19e-02    4.02e-02
   3  2.879836e+02    1.64e-02    6.36e+01   7.54e+00   9.16e-01  2.13e+05        1    1.09e-02    5.12e-02
   4  2.879685e+02    1.51e-02    1.89e+02   1.52e+01   4.73e-01  2.13e+05        1    1.11e-02    6.25e-02
   5  2.879379e+02    3.06e-02    1.78e+02   1.44e+01   6.62e-01  2.20e+05        1    1.34e-02    7.59e-02
   6  2.879097e+02    2.82e-02    1.85e+02   1.46e+01   6.19e-01  2.23e+05        1    1.36e-02    8.96e-02
   7  2.878802e+02    2.95e-02    1.85e+02   1.45e+01   6.25e-01  2.27e+05        1    1.18e-02    1.02e-01
   8  2.878510e+02    2.92e-02    1.87e+02   1.46e+01   6.18e-01  2.30e+05        1    1.11e-02    1.13e-01
   9  2.878217e+02    2.93e-02    1.87e+02   1.46e+01   6.15e-01  2.33e+05        1    1.07e-02    1.23e-01
  10  2.877926e+02    2.91e-02    1.86e+02   1.45e+01   6.12e-01  2.35e+05        1    9.99e-03    1.34e-01
  11  2.877637e+02    2.89e-02    1.85e+02   1.45e+01   6.10e-01  2.38e+05        1    1.09e-02    1.45e-01
  12  2.877350e+02    2.87e-02    1.84e+02   1.44e+01   6.09e-01  2.40e+05        1    1.01e-02    1.55e-01
  13  2.877066e+02    2.84e-02    1.82e+02   1.44e+01   6.08e-01  2.43e+05        1    1.05e-02    1.65e-01
  14  2.876785e+02    2.81e-02    1.80e+02   1.43e+01   6.07e-01  2.45e+05        1    1.05e-02    1.76e-01
  15  2.876508e+02    2.77e-02    1.78e+02   1.42e+01   6.06e-01  2.47e+05        1    9.48e-03    1.85e-01
  16  2.876235e+02    2.73e-02    1.76e+02   1.41e+01   6.06e-01  2.50e+05        1    1.07e-02    1.96e-01
  17  2.875965e+02    2.69e-02    1.74e+02   1.40e+01   6.06e-01  2.52e+05        1    1.08e-02    2.07e-01
  18  2.875700e+02    2.65e-02    1.72e+02   1.39e+01   6.06e-01  2.55e+05        1    1.01e-02    2.17e-01
  19  2.875440e+02    2.61e-02    1.69e+02   1.38e+01   6.06e-01  2.57e+05        1    1.02e-02    2.28e-01
  20  2.875184e+02    2.56e-02    1.66e+02   1.37e+01   6.07e-01  2.60e+05        1    9.71e-03    2.37e-01
  21  2.874932e+02    2.51e-02    1.64e+02   1.36e+01   6.07e-01  2.62e+05        1    1.02e-02    2.48e-01
  22  2.874686e+02    2.46e-02    1.61e+02   1.35e+01   6.08e-01  2.65e+05        1    1.10e-02    2.59e-01
  23  2.874445e+02    2.41e-02    1.58e+02   1.34e+01   6.09e-01  2.68e+05        1    9.43e-03    2.68e-01
  24  2.874208e+02    2.36e-02    1.55e+02   1.32e+01   6.09e-01  2.71e+05        1    1.08e-02    2.79e-01
  25  2.873977e+02    2.31e-02    1.53e+02   1.31e+01   6.10e-01  2.73e+05        1    1.05e-02    2.90e-01
  26  2.873751e+02    2.26e-02    1.50e+02   1.30e+01   6.11e-01  2.77e+05        1    9.77e-03    2.99e-01
  27  2.873530e+02    2.21e-02    1.47e+02   1.29e+01   6.12e-01  2.80e+05        1    1.24e-02    3.12e-01
  28  2.873314e+02    2.16e-02    1.44e+02   1.27e+01   6.13e-01  2.83e+05        1    1.45e-02    3.27e-01
  29  2.873104e+02    2.10e-02    1.41e+02   1.26e+01   6.14e-01  2.86e+05        1    1.52e-02    3.42e-01
  30  2.872899e+02    2.05e-02    1.38e+02   1.25e+01   6.15e-01  2.90e+05        1    1.06e-02    3.53e-01
  31  2.872700e+02    1.99e-02    1.35e+02   1.24e+01   6.17e-01  2.94e+05        1    1.12e-02    3.64e-01
  32  2.872506e+02    1.94e-02    1.33e+02   1.22e+01   6.18e-01  2.98e+05        1    1.29e-02    3.77e-01
  33  2.872317e+02    1.89e-02    1.30e+02   1.21e+01   6.19e-01  3.02e+05        1    1.03e-02    3.87e-01
  34  2.872134e+02    1.83e-02    1.27e+02   1.19e+01   6.20e-01  3.06e+05        1    1.09e-02    3.98e-01
  35  2.871957e+02    1.78e-02    1.24e+02   1.18e+01   6.21e-01  3.10e+05        1    1.22e-02    4.11e-01
  36  2.871785e+02    1.72e-02    1.21e+02   1.17e+01   6.23e-01  3.15e+05        1    1.08e-02    4.22e-01
  37  2.871618e+02    1.67e-02    1.18e+02   1.15e+01   6.24e-01  3.20e+05        1    1.14e-02    4.33e-01
  38  2.871457e+02    1.61e-02    1.15e+02   1.14e+01   6.25e-01  3.25e+05        1    1.06e-02    4.44e-01
  39  2.871301e+02    1.56e-02    1.12e+02   1.13e+01   6.26e-01  3.30e+05        1    1.09e-02    4.55e-01
  40  2.871151e+02    1.50e-02    1.10e+02   1.11e+01   6.28e-01  3.36e+05        1    9.82e-03    4.65e-01
  41  2.871006e+02    1.45e-02    1.07e+02   1.10e+01   6.29e-01  3.42e+05        1    1.10e-02    4.76e-01
  42  2.870866e+02    1.40e-02    1.04e+02   1.08e+01   6.31e-01  3.48e+05        1    1.04e-02    4.86e-01
  43  2.870732e+02    1.34e-02    1.01e+02   1.07e+01   6.32e-01  3.54e+05        1    1.09e-02    4.97e-01
  44  2.870603e+02    1.29e-02    9.83e+01   1.05e+01   6.34e-01  3.61e+05        1    1.10e-02    5.08e-01
  45  2.870480e+02    1.24e-02    9.56e+01   1.04e+01   6.35e-01  3.69e+05        1    1.02e-02    5.19e-01
  46  2.870361e+02    1.18e-02    9.28e+01   1.02e+01   6.37e-01  3.76e+05        1    1.05e-02    5.29e-01
  47  2.870248e+02    1.13e-02    9.00e+01   1.01e+01   6.38e-01  3.84e+05        1    1.05e-02    5.40e-01
  48  2.870140e+02    1.08e-02    8.73e+01   9.92e+00   6.40e-01  3.93e+05        1    9.74e-03    5.50e-01
  49  2.870037e+02    1.03e-02    8.46e+01   9.76e+00   6.41e-01  4.02e+05        1    1.23e-02    5.62e-01
  50  2.869938e+02    9.82e-03    8.18e+01   9.60e+00   6.43e-01  4.12e+05        1    1.21e-02    5.74e-01
  51  2.869845e+02    9.33e-03    7.91e+01   9.44e+00   6.45e-01  4.22e+05        1    9.49e-03    5.84e-01
  52  2.869757e+02    8.85e-03    7.64e+01   9.28e+00   6.47e-01  4.33e+05        1    1.20e-02    5.96e-01
  53  2.869673e+02    8.38e-03    7.38e+01   9.12e+00   6.49e-01  4.45e+05        1    1.23e-02    6.08e-01
  54  2.869594e+02    7.92e-03    7.11e+01   8.95e+00   6.51e-01  4.57e+05        1    2.10e-02    6.29e-01
  55  2.869519e+02    7.46e-03    6.85e+01   8.79e+00   6.52e-01  4.70e+05        1    1.83e-02    6.48e-01
  56  2.869449e+02    7.02e-03    6.58e+01   8.62e+00   6.55e-01  4.85e+05        1    2.22e-02    6.70e-01
  57  2.869383e+02    6.58e-03    6.32e+01   8.45e+00   6.57e-01  5.00e+05        1    2.00e-02    6.90e-01
  58  2.869321e+02    6.16e-03    6.06e+01   8.27e+00   6.59e-01  5.17e+05        1    9.95e-03    7.00e-01
  59  2.869264e+02    5.75e-03    5.80e+01   8.09e+00   6.61e-01  5.35e+05        1    1.03e-02    7.11e-01
  60  2.869211e+02    5.34e-03    5.55e+01   7.91e+00   6.63e-01  5.54e+05        1    1.04e-02    7.21e-01
  61  2.869161e+02    4.96e-03    5.29e+01   7.73e+00   6.66e-01  5.75e+05        1    9.74e-03    7.31e-01
  62  2.869115e+02    4.58e-03    5.04e+01   7.55e+00   6.69e-01  5.98e+05        1    9.40e-03    7.40e-01
  63  2.869073e+02    4.22e-03    4.79e+01   7.36e+00   6.71e-01  6.23e+05        1    9.43e-03    7.50e-01
  64  2.869034e+02    3.87e-03    4.54e+01   7.16e+00   6.74e-01  6.50e+05        1    9.25e-03    7.59e-01
  65  2.868999e+02    3.53e-03    4.30e+01   6.97e+00   6.77e-01  6.81e+05        1    9.46e-03    7.69e-01
  66  2.868967e+02    3.21e-03    4.06e+01   6.77e+00   6.80e-01  7.14e+05        1    9.51e-03    7.79e-01
  67  2.868938e+02    2.90e-03    3.81e+01   6.57e+00   6.84e-01  7.51e+05        1    9.52e-03    7.88e-01
  68  2.868912e+02    2.60e-03    3.58e+01   6.36e+00   6.87e-01  7.93e+05        1    1.02e-02    7.98e-01
  69  2.868889e+02    2.33e-03    3.34e+01   6.15e+00   6.91e-01  8.40e+05        1    9.81e-03    8.08e-01
  70  2.868868e+02    2.06e-03    3.11e+01   5.93e+00   6.95e-01  8.93e+05        1    9.68e-03    8.18e-01
  71  2.868850e+02    1.81e-03    2.88e+01   5.70e+00   6.99e-01  9.53e+05        1    1.02e-02    8.28e-01
  72  2.868834e+02    1.58e-03    2.65e+01   5.48e+00   7.04e-01  1.02e+06        1    9.42e-03    8.38e-01
  73  2.868821e+02    1.37e-03    2.43e+01   5.24e+00   7.09e-01  1.10e+06        1    9.43e-03    8.47e-01
  74  2.868809e+02    1.17e-03    2.21e+01   5.00e+00   7.15e-01  1.20e+06        1    9.88e-03    8.57e-01
  75  2.868799e+02    9.83e-04    1.99e+01   4.75e+00   7.21e-01  1.31e+06        1    9.82e-03    8.67e-01
  76  2.868791e+02    8.15e-04    1.78e+01   4.49e+00   7.28e-01  1.45e+06        1    9.98e-03    8.77e-01
  77  2.868784e+02    6.65e-04    1.57e+01   4.22e+00   7.36e-01  1.62e+06        1    1.00e-02    8.87e-01
  78  2.868779e+02    5.30e-04    1.37e+01   3.94e+00   7.45e-01  1.84e+06        1    1.00e-02    8.98e-01
  79  2.868775e+02    4.12e-04    1.18e+01   3.65e+00   7.55e-01  2.12e+06        1    1.01e-02    9.08e-01
  80  2.868772e+02    3.10e-04    9.87e+00   3.34e+00   7.67e-01  2.50e+06        1    9.99e-03    9.18e-01
  81  2.868770e+02    2.23e-04    8.05e+00   3.02e+00   7.81e-01  3.03e+06        1    1.01e-02    9.28e-01
  82  2.868768e+02    1.52e-04    6.32e+00   2.68e+00   7.98e-01  3.85e+06        1    9.85e-03    9.38e-01
  83  2.868767e+02    9.61e-05    4.70e+00   2.31e+00   8.20e-01  5.21e+06        1    9.81e-03    9.48e-01
  84  2.868767e+02    5.43e-05    3.21e+00   1.91e+00   8.48e-01  7.88e+06        1    1.01e-02    9.58e-01
  85  2.868766e+02    2.57e-05    1.91e+00   1.47e+00   8.87e-01  1.47e+07        1    9.80e-03    9.68e-01
  86  2.868766e+02    8.90e-06    1.52e+00   9.86e-01   9.39e-01  4.40e+07        1    9.94e-03    9.78e-01
  87  2.868766e+02    1.66e-06    1.65e+00   4.81e-01   9.99e-01  1.32e+08        1    9.67e-03    9.88e-01
  88  2.868766e+02    8.01e-08    1.55e-01   1.03e-01   1.03e+00  3.96e+08        1    9.49e-03    9.97e-01
  89  2.868766e+02    6.28e-10    4.07e-03   1.18e-02   1.07e+00  1.19e+09        1    9.80e-03    1.01e+00
iter      cost      cost_change  |gradient|   |step|    tr_ratio  tr_radius  ls_iter  iter_time  total_time
   0  5.252326e+02    0.00e+00    2.24e+01   0.00e+00   0.00e+00  1.00e+04        0    1.04e-02    2.10e-02
   1  5.246011e+02    6.31e-01    7.58e+00   0.00e+00   1.00e+00  3.00e+04        1    1.71e-02    3.82e-02
   2  5.245978e+02    3.34e-03    2.09e+00   2.45e-01   1.01e+00  9.00e+04        1    1.52e-02    5.35e-02
   3  5.245976e+02    1.82e-04    1.91e+00   1.18e-01   1.02e+00  2.70e+05        1    1.57e-02    6.93e-02
   4  5.245976e+02    4.39e-05    2.00e+00   2.87e-01   1.00e+00  8.10e+05        1    1.47e-02    8.41e-02
   5  5.245975e+02    8.32e-05    2.00e+00   6.64e-01   9.91e-01  2.43e+06        1    1.50e-02    9.92e-02
   6  5.245974e+02    9.07e-05    3.26e+00   1.11e+00   9.33e-01  6.95e+06        1    1.59e-02    1.15e-01
   7  5.245973e+02    4.31e-05    2.51e+00   9.71e-01   9.21e-01  1.72e+07        1    1.53e-02    1.31e-01
   8  5.245973e+02    8.43e-06    1.78e+00   3.74e-01   1.00e+00  5.17e+07        1    1.56e-02    1.46e-01
   9  5.245973e+02    2.27e-07    1.87e-01   6.96e-02   1.02e+00  1.55e+08        1    1.57e-02    1.62e-01
  10  5.245973e+02    1.42e-09    8.57e-03   6.02e-03   1.06e+00  4.66e+08        1    1.73e-02    1.79e-01
iter      cost      cost_change  |gradient|   |step|    tr_ratio  tr_radius  ls_iter  iter_time  total_time
   0  7.819741e+02    0.00e+00    3.72e+01   0.00e+00   0.00e+00  1.00e+04        0    1.48e-02    2.64e-02
   1  7.783024e+02    3.67e+00    1.46e+00   0.00e+00   1.00e+00  3.00e+04        1    2.30e-02    4.95e-02
   2  7.783020e+02    4.45e-04    7.43e-01   1.14e-01   9.97e-01  9.00e+04        1    2.24e-02    7.20e-02
   3  7.783017e+02    2.52e-04    1.93e+00   3.37e-01   1.00e+00  2.70e+05        1    1.90e-02    9.11e-02
   4  7.783014e+02    3.71e-04    1.98e+00   7.37e-01   9.97e-01  8.10e+05        1    1.88e-02    1.10e-01
   5  7.783011e+02    2.49e-04    2.05e+00   9.04e-01   9.91e-01  2.43e+06        1    1.85e-02    1.29e-01
   6  7.783011e+02    4.92e-05    1.54e+00   4.97e-01   1.00e+00  7.29e+06        1    1.85e-02    1.47e-01
   7  7.783011e+02    1.95e-06    4.11e-01   1.05e-01   1.01e+00  2.19e+07        1    1.91e-02    1.66e-01
   8  7.783011e+02    1.27e-08    1.84e-02   8.53e-03   1.03e+00  6.56e+07        1    2.25e-02    1.89e-01
iter      cost      cost_change  |gradient|   |step|    tr_ratio  tr_radius  ls_iter  iter_time  total_time
   0  1.112863e+03    0.00e+00    7.23e+00   0.00e+00   0.00e+00  1.00e+04        0    1.58e-02    2.99e-02
   1  1.112863e+03    3.48e-05    2.20e-01   0.00e+00   1.00e+00  3.00e+04        1    2.38e-02    5.37e-02
   2  1.112863e+03    5.79e-06    1.57e-01   1.88e-02   1.00e+00  9.00e+04        1    2.41e-02    7.80e-02
   3  1.112863e+03    8.65e-06    2.02e-01   4.42e-02   1.00e+00  2.70e+05        1    2.23e-02    1.00e-01
   4  1.112863e+03    9.85e-06    4.14e-01   8.76e-02   1.00e+00  8.10e+05        1    2.32e-02    1.24e-01
   5  1.112863e+03    4.85e-06    4.14e-01   9.04e-02   1.00e+00  2.43e+06        1    2.39e-02    1.48e-01
   6  1.112863e+03    6.02e-07    1.27e-01   3.90e-02   1.01e+00  7.29e+06        1    2.19e-02    1.70e-01
   7  1.112863e+03    1.42e-08    1.59e-02   6.36e-03   1.02e+00  2.19e+07        1    2.23e-02    1.92e-01
iter      cost      cost_change  |gradient|   |step|    tr_ratio  tr_radius  ls_iter  iter_time  total_time
   0  1.483575e+03    0.00e+00    1.46e+02   0.00e+00   0.00e+00  1.00e+04        0    2.37e-02    4.03e-02
   1  1.479698e+03    3.88e+00    1.05e+01   0.00e+00   1.00e+00  3.00e+04        1    3.37e-02    7.42e-02
   2  1.479621e+03    7.68e-02    1.76e+01   1.63e+00   1.02e+00  9.00e+04        1    3.02e-02    1.04e-01
   3  1.479574e+03    4.70e-02    7.79e+01   2.68e+00   9.49e-01  2.70e+05        1    3.87e-02    1.43e-01
   4  1.479536e+03    3.86e-02    1.81e+02   5.13e+00   7.30e-01  2.99e+05        1    2.69e-02    1.70e-01
   5  1.479505e+03    3.10e-02    6.52e+01   3.42e+00   9.44e-01  8.98e+05        1    3.34e-02    2.04e-01
   6  1.479496e+03    8.86e-03    5.48e+01   3.25e+00   8.71e-01  1.52e+06        1    3.63e-02    2.40e-01
   7  1.479494e+03    2.19e-03    6.97e+00   1.17e+00   9.93e-01  4.55e+06        1    3.58e-02    2.76e-01
   8  1.479494e+03    6.48e-05    1.90e+00   2.93e-01   1.01e+00  1.37e+07        1    3.60e-02    3.12e-01
   9  1.479494e+03    4.96e-07    1.19e-01   2.78e-02   1.03e+00  4.10e+07        1    3.25e-02    3.45e-01
  10  1.479494e+03    1.66e-09    6.65e-03   1.39e-03   1.06e+00  1.23e+08        1    3.24e-02    3.78e-01
iter      cost      cost_change  |gradient|   |step|    tr_ratio  tr_radius  ls_iter  iter_time  total_time
   0  1.839037e+03    0.00e+00    2.00e+02   0.00e+00   0.00e+00  1.00e+04        0    2.49e-02    4.29e-02
   1  1.828904e+03    1.01e+01    3.97e+00   0.00e+00   1.00e+00  3.00e+04        1    3.59e-02    7.88e-02
   2  1.828865e+03    3.97e-02    9.03e+00   1.20e+00   1.01e+00  9.00e+04        1    3.23e-02    1.11e-01
   3  1.828835e+03    2.93e-02    3.67e+01   1.63e+00   9.83e-01  2.70e+05        1    3.29e-02    1.44e-01
   4  1.828819e+03    1.60e-02    5.41e+01   1.96e+00   9.33e-01  7.66e+05        1    3.63e-02    1.81e-01
   5  1.828813e+03    6.22e-03    2.76e+01   1.65e+00   9.53e-01  2.30e+06        1    3.31e-02    2.14e-01
   6  1.828812e+03    8.52e-04    3.60e+00   6.45e-01   9.98e-01  6.89e+06        1    3.69e-02    2.51e-01
   7  1.828812e+03    1.59e-05    7.05e-01   9.36e-02   1.01e+00  2.07e+07        1    3.69e-02    2.88e-01
   8  1.828812e+03    5.69e-08    2.89e-02   5.76e-03   1.05e+00  6.20e+07        1    3.35e-02    3.21e-01
iter      cost      cost_change  |gradient|   |step|    tr_ratio  tr_radius  ls_iter  iter_time  total_time
   0  2.129185e+03    0.00e+00    1.87e+02   0.00e+00   0.00e+00  1.00e+04        0    2.84e-02    5.15e-02
   1  2.127291e+03    1.89e+00    6.12e+00   0.00e+00   1.00e+00  3.00e+04        1    4.07e-02    9.23e-02
   2  2.127255e+03    3.54e-02    1.98e+00   7.76e-01   1.00e+00  9.00e+04        1    3.98e-02    1.32e-01
   3  2.127252e+03    3.32e-03    1.96e+00   4.90e-01   1.00e+00  2.70e+05        1    3.84e-02    1.71e-01
   4  2.127251e+03    6.73e-04    1.99e+00   3.19e-01   1.00e+00  8.10e+05        1    4.22e-02    2.13e-01
   5  2.127251e+03    1.02e-04    1.80e+00   1.82e-01   1.01e+00  2.43e+06        1    4.01e-02    2.53e-01
   6  2.127251e+03    6.64e-06    2.51e-01   5.69e-02   1.01e+00  7.29e+06        1    3.66e-02    2.90e-01
   7  2.127251e+03    1.00e-07    2.25e-02   6.99e-03   1.03e+00  2.19e+07        1    3.87e-02    3.29e-01
iter      cost      cost_change  |gradient|   |step|    tr_ratio  tr_radius  ls_iter  iter_time  total_time
   0  2.488926e+03    0.00e+00    2.22e+02   0.00e+00   0.00e+00  1.00e+04        0    3.38e-02    6.38e-02
   1  2.486104e+03    2.82e+00    3.87e+01   0.00e+00   1.00e+00  3.00e+04        1    4.77e-02    1.12e-01
   2  2.486096e+03    8.35e-03    1.99e+00   1.18e-01   1.05e+00  9.00e+04        1    4.49e-02    1.57e-01
   3  2.486095e+03    6.11e-04    1.51e+00   1.48e-01   1.02e+00  2.70e+05        1    4.66e-02    2.03e-01
   4  2.486095e+03    1.33e-04    1.29e+00   1.07e-01   1.01e+00  8.10e+05        1    4.61e-02    2.49e-01
   5  2.486095e+03    9.40e-06    2.95e-01   3.63e-02   1.01e+00  2.43e+06        1    5.01e-02    3.00e-01
iter      cost      cost_change  |gradient|   |step|    tr_ratio  tr_radius  ls_iter  iter_time  total_time
   0  2.776910e+03    0.00e+00    5.01e+02   0.00e+00   0.00e+00  1.00e+04        0    3.37e-02    6.09e-02
   1  2.768236e+03    8.67e+00    4.23e+01   0.00e+00   1.00e+00  3.00e+04        1    5.16e-02    1.13e-01
   2  2.768220e+03    1.59e-02    1.77e+00   2.67e-01   1.00e+00  9.00e+04        1    4.88e-02    1.62e-01
   3  2.768219e+03    1.16e-03    1.95e+00   1.75e-01   1.00e+00  2.70e+05        1    4.89e-02    2.11e-01
   4  2.768218e+03    9.28e-04    1.97e+00   2.80e-01   1.00e+00  8.10e+05        1    4.79e-02    2.59e-01
   5  2.768218e+03    4.44e-04    1.99e+00   2.69e-01   1.00e+00  2.43e+06        1    4.86e-02    3.07e-01
   6  2.768218e+03    5.29e-05    1.05e+00   1.12e-01   1.01e+00  7.29e+06        1    4.84e-02    3.56e-01
   7  2.768218e+03    1.23e-06    5.11e-02   1.76e-02   1.03e+00  2.19e+07        1    4.72e-02    4.03e-01
iter      cost      cost_change  |gradient|   |step|    tr_ratio  tr_radius  ls_iter  iter_time  total_time
   0  3.450019e+03    0.00e+00    4.59e+02   0.00e+00   0.00e+00  1.00e+04        0    4.03e-02    7.08e-02
   1  3.427624e+03    2.24e+01    7.15e+01   0.00e+00   1.00e+00  3.00e+04        1    6.32e-02    1.34e-01
   2  3.427522e+03    1.02e-01    1.92e+01   1.68e+00   1.00e+00  9.00e+04        1    6.00e-02    1.94e-01
   3  3.427473e+03    4.87e-02    3.90e+01   2.03e+00   9.90e-01  2.70e+05        1    6.59e-02    2.60e-01
   4  3.427453e+03    1.95e-02    2.01e+01   1.50e+00   9.93e-01  8.10e+05        1    6.25e-02    3.23e-01
   5  3.427445e+03    8.53e-03    5.46e+00   1.22e+00   9.99e-01  2.43e+06        1    5.59e-02    3.79e-01
   6  3.427444e+03    1.28e-03    1.91e+00   5.71e-01   1.01e+00  7.29e+06        1    5.79e-02    4.37e-01
   7  3.427444e+03    3.82e-05    8.57e-01   1.05e-01   1.02e+00  2.19e+07        1    6.12e-02    4.98e-01
iter      cost      cost_change  |gradient|   |step|    tr_ratio  tr_radius  ls_iter  iter_time  total_time
   0  4.021210e+03    0.00e+00    7.85e+02   0.00e+00   0.00e+00  1.00e+04        0    4.52e-02    7.83e-02
   1  4.014881e+03    6.33e+00    3.69e+01   0.00e+00   1.00e+00  3.00e+04        1    6.61e-02    1.45e-01
   2  4.014649e+03    2.33e-01    6.32e+01   2.91e+00   9.96e-01  9.00e+04        1    6.06e-02    2.05e-01
   3  4.014587e+03    6.14e-02    3.36e+01   1.88e+00   9.96e-01  2.70e+05        1    6.08e-02    2.66e-01
   4  4.014582e+03    5.66e-03    5.37e+00   6.75e-01   1.00e+00  8.10e+05        1    5.99e-02    3.26e-01
   5  4.014580e+03    1.26e-03    1.89e+00   4.41e-01   1.00e+00  2.43e+06        1    6.25e-02    3.89e-01
   6  4.014580e+03    1.99e-04    1.37e+00   2.16e-01   1.01e+00  7.29e+06        1    6.53e-02    4.54e-01
   7  4.014580e+03    6.35e-06    1.78e-01   4.13e-02   1.02e+00  2.19e+07        1    7.08e-02    5.25e-01
iter      cost      cost_change  |gradient|   |step|    tr_ratio  tr_radius  ls_iter  iter_time  total_time
   0  4.487253e+03    0.00e+00    7.78e+02   0.00e+00   0.00e+00  1.00e+04        0    4.31e-02    7.73e-02
   1  4.478250e+03    9.00e+00    6.79e+00   0.00e+00   1.00e+00  3.00e+04        1    6.76e-02    1.45e-01
   2  4.478175e+03    7.55e-02    1.13e+01   1.12e+00   1.00e+00  9.00e+04        1    6.73e-02    2.12e-01
   3  4.478161e+03    1.33e-02    5.64e+00   6.99e-01   1.00e+00  2.70e+05        1    6.73e-02    2.80e-01
   4  4.478160e+03    8.30e-04    1.98e+00   2.17e-01   1.00e+00  8.10e+05        1    6.54e-02    3.45e-01
   5  4.478160e+03    2.27e-04    1.99e+00   1.60e-01   1.00e+00  2.43e+06        1    7.15e-02    4.17e-01
   6  4.478160e+03    4.41e-05    8.22e-01   8.90e-02   1.01e+00  7.29e+06        1    7.90e-02    4.96e-01
iter      cost      cost_change  |gradient|   |step|    tr_ratio  tr_radius  ls_iter  iter_time  total_time
   0  5.145385e+03    0.00e+00    9.52e+02   0.00e+00   0.00e+00  1.00e+04        0    4.64e-02    8.40e-02
   1  5.129395e+03    1.60e+01    5.06e+01   0.00e+00   1.00e+00  3.00e+04        1    7.50e-02    1.59e-01
   2  5.129355e+03    3.95e-02    1.99e+00   2.82e-01   1.01e+00  9.00e+04        1    6.89e-02    2.28e-01
   3  5.129352e+03    2.76e-03    1.96e+00   1.74e-01   1.00e+00  2.70e+05        1    7.23e-02    3.01e-01
   4  5.129349e+03    3.56e-03    1.96e+00   3.12e-01   1.00e+00  8.10e+05        1    7.75e-02    3.78e-01
   5  5.129346e+03    2.77e-03    1.97e+00   4.06e-01   1.00e+00  2.43e+06        1    7.03e-02    4.49e-01
   6  5.129345e+03    6.34e-04    1.90e+00   2.51e-01   1.00e+00  7.29e+06        1    6.88e-02    5.17e-01
   7  5.129345e+03    2.98e-05    6.83e-01   6.03e-02   1.02e+00  2.19e+07        1    7.01e-02    5.88e-01
iter      cost      cost_change  |gradient|   |step|    tr_ratio  tr_radius  ls_iter  iter_time  total_time
   0  5.458777e+03    0.00e+00    3.97e+02   0.00e+00   0.00e+00  1.00e+04        0    5.18e-02    9.47e-02
   1  5.451758e+03    7.02e+00    3.33e+00   0.00e+00   9.99e-01  3.00e+04        1    8.45e-02    1.79e-01
   2  5.451742e+03    1.62e-02    1.96e+00   1.93e-01   1.00e+00  9.00e+04        1    8.02e-02    2.60e-01
   3  5.451741e+03    5.98e-04    1.69e+00   5.64e-02   1.00e+00  2.70e+05        1    8.76e-02    3.47e-01
   4  5.451740e+03    6.19e-04    1.78e+00   9.66e-02   1.00e+00  8.10e+05        1    7.70e-02    4.24e-01
   5  5.451740e+03    6.52e-04    1.78e+00   1.53e-01   1.00e+00  2.43e+06        1    7.56e-02    5.00e-01
   6  5.451740e+03    2.35e-04    1.58e+00   1.25e-01   1.00e+00  7.29e+06        1    7.84e-02    5.78e-01
   7  5.451740e+03    1.91e-05    4.41e-01   4.16e-02   1.01e+00  2.19e+07        1    8.25e-02    6.61e-01
iter      cost      cost_change  |gradient|   |step|    tr_ratio  tr_radius  ls_iter  iter_time  total_time
   0  5.931291e+03    0.00e+00    8.57e+02   0.00e+00   0.00e+00  1.00e+04        0    5.94e-02    1.04e-01
   1  5.908849e+03    2.24e+01    2.88e+01   0.00e+00   1.00e+00  3.00e+04        1    9.52e-02    2.00e-01
   2  5.908745e+03    1.04e-01    8.49e+00   3.82e-01   1.00e+00  9.00e+04        1    8.76e-02    2.87e-01
   3  5.908737e+03    7.62e-03    1.96e+00   2.45e-01   1.00e+00  2.70e+05        1    8.52e-02    3.73e-01
   4  5.908737e+03    2.65e-04    1.73e+00   6.33e-02   1.00e+00  8.10e+05        1    8.89e-02    4.62e-01
   5  5.908737e+03    1.33e-04    8.48e-01   6.21e-02   1.00e+00  2.43e+06        1    8.62e-02    5.48e-01
iter      cost      cost_change  |gradient|   |step|    tr_ratio  tr_radius  ls_iter  iter_time  total_time
   0  7.012009e+03    0.00e+00    1.14e+03   0.00e+00   0.00e+00  1.00e+04        0    6.43e-02    1.13e-01
   1  6.969295e+03    4.27e+01    3.67e+01   0.00e+00   1.00e+00  3.00e+04        1    1.13e-01    2.27e-01
   2  6.969197e+03    9.75e-02    5.51e+00   2.29e-01   1.00e+00  9.00e+04        1    9.47e-02    3.21e-01
   3  6.969193e+03    4.26e-03    1.99e+00   1.94e-01   1.01e+00  2.70e+05        1    9.56e-02    4.17e-01
   4  6.969193e+03    1.75e-04    7.46e-01   6.34e-02   1.00e+00  8.10e+05        1    9.90e-02    5.16e-01
iter      cost      cost_change  |gradient|   |step|    tr_ratio  tr_radius  ls_iter  iter_time  total_time
   0  7.767830e+03    0.00e+00    1.38e+03   0.00e+00   0.00e+00  1.00e+04        0    6.90e-02    1.26e-01
   1  7.737414e+03    3.04e+01    1.89e+02   0.00e+00   1.00e+00  3.00e+04        1    1.10e-01    2.36e-01
   2  7.737090e+03    3.24e-01    5.46e+01   3.29e+00   9.97e-01  9.00e+04        1    1.03e-01    3.39e-01
   3  7.737062e+03    2.78e-02    5.70e+00   1.21e+00   1.00e+00  2.70e+05        1    1.05e-01    4.44e-01
   4  7.737062e+03    4.17e-04    1.07e+00   1.58e-01   1.00e+00  8.10e+05        1    1.04e-01    5.48e-01
   5  7.737062e+03    2.17e-06    6.34e-02   7.66e-03   1.01e+00  2.43e+06        1    1.15e-01    6.63e-01
iter      cost      cost_change  |gradient|   |step|    tr_ratio  tr_radius  ls_iter  iter_time  total_time
   0  8.449012e+03    0.00e+00    2.45e+03   0.00e+00   0.00e+00  1.00e+04        0    2.60e-02    9.72e-02
   1  8.402410e+03    4.66e+01    7.18e+00   0.00e+00   1.00e+00  3.00e+04        1    6.56e-02    1.63e-01
   2  8.402385e+03    2.44e-02    1.96e+00   3.64e-01   1.00e+00  9.00e+04        1    4.39e-02    2.07e-01
   3  8.402384e+03    1.44e-03    1.69e+00   1.32e-01   1.00e+00  2.70e+05        1    4.43e-02    2.51e-01
   4  8.402384e+03    2.19e-04    4.69e-01   4.61e-02   1.00e+00  8.10e+05        1    4.59e-02    2.97e-01
iter      cost      cost_change  |gradient|   |step|    tr_ratio  tr_radius  ls_iter  iter_time  total_time
   0  9.392119e+03    0.00e+00    2.56e+03   0.00e+00   0.00e+00  1.00e+04        0    2.58e-02    1.05e-01
   1  9.352765e+03    3.94e+01    6.19e+00   0.00e+00   1.00e+00  3.00e+04        1    5.94e-02    1.65e-01
   2  9.352746e+03    1.87e-02    2.00e+00   9.77e-02   1.00e+00  9.00e+04        1    4.84e-02    2.13e-01
   3  9.352746e+03    8.31e-04    1.54e+00   6.04e-02   1.00e+00  2.70e+05        1    4.57e-02    2.59e-01
   4  9.352745e+03    3.54e-04    4.84e-01   4.69e-02   1.00e+00  8.10e+05        1    4.63e-02    3.05e-01
iter      cost      cost_change  |gradient|   |step|    tr_ratio  tr_radius  ls_iter  iter_time  total_time
   0  1.380189e+04    0.00e+00    9.12e+03   0.00e+00   0.00e+00  1.00e+04        0    2.63e-02    1.13e-01
   1  1.188037e+04    1.92e+03    3.77e+02   0.00e+00   1.01e+00  3.00e+04        1    6.72e-02    1.80e-01
   2  1.187445e+04    5.92e+00    1.53e+01   2.51e-01   1.03e+00  9.00e+04        1    5.42e-02    2.34e-01
   3  1.187444e+04    1.09e-02    1.89e+00   6.09e-02   1.02e+00  2.70e+05        1    5.40e-02    2.88e-01
   4  1.187444e+04    2.39e-03    2.00e+00   9.65e-02   1.00e+00  8.10e+05        1    5.30e-02    3.41e-01
   5  1.187443e+04    4.32e-03    1.96e+00   2.23e-01   1.00e+00  2.43e+06        1    5.05e-02    3.92e-01
   6  1.187443e+04    4.07e-03    1.80e+00   3.29e-01   1.00e+00  7.29e+06        1    5.04e-02    4.42e-01
   7  1.187443e+04    1.23e-03    1.91e+00   2.41e-01   1.00e+00  2.19e+07        1    5.00e-02    4.92e-01
   8  1.187443e+04    8.08e-05    9.72e-01   7.06e-02   1.01e+00  6.56e+07        1    5.13e-02    5.44e-01
iter      cost      cost_change  |gradient|   |step|    tr_ratio  tr_radius  ls_iter  iter_time  total_time
   0  2.027969e+04    0.00e+00    1.90e+04   0.00e+00   0.00e+00  1.00e+04        0    3.87e-02    1.32e-01
   1  1.463928e+04    5.64e+03    8.34e+02   0.00e+00   1.00e+00  3.00e+04        1    8.06e-02    2.12e-01
   2  1.462083e+04    1.85e+01    1.68e+01   9.25e-01   1.01e+00  9.00e+04        1    6.18e-02    2.74e-01
   3  1.462082e+04    1.16e-02    1.35e+00   1.87e-01   1.01e+00  2.70e+05        1    5.63e-02    3.31e-01
   4  1.462081e+04    1.06e-03    7.70e-01   5.78e-02   1.00e+00  8.10e+05        1    5.43e-02    3.85e-01
iter      cost      cost_change  |gradient|   |step|    tr_ratio  tr_radius  ls_iter  iter_time  total_time
   0  1.133911e+04    0.00e+00    6.52e+03   0.00e+00   0.00e+00  1.00e+04        0    2.25e-02    1.14e-01
   1  1.126631e+04    7.28e+01    3.64e+02   0.00e+00   1.00e+00  3.00e+04        1    5.82e-02    1.72e-01
   2  1.126614e+04    1.66e-01    5.42e+00   7.78e-01   1.01e+00  9.00e+04        1    5.15e-02    2.24e-01
   3  1.126614e+04    1.61e-03    6.14e-01   1.36e-01   1.00e+00  2.70e+05        1    5.37e-02    2.77e-01
iter      cost      cost_change  |gradient|   |step|    tr_ratio  tr_radius  ls_iter  iter_time  total_time
   0  6.350716e+04    0.00e+00    4.12e+04   0.00e+00   0.00e+00  1.00e+04        0    5.20e-02    1.62e-01
   1  3.922535e+04    2.43e+04    5.72e+03   0.00e+00   9.91e-01  3.00e+04        1    9.48e-02    2.57e-01
   2  3.910191e+04    1.23e+02    2.19e+02   1.67e+00   9.82e-01  9.00e+04        1    7.02e-02    3.27e-01
   3  3.910146e+04    4.52e-01    5.64e+00   5.43e-01   1.00e+00  2.70e+05        1    6.31e-02    3.90e-01
   4  3.910142e+04    4.02e-02    2.40e+00   3.17e-01   1.00e+00  8.10e+05        1    6.18e-02    4.52e-01
   5  3.910134e+04    7.30e-02    6.44e+00   7.65e-01   9.98e-01  2.43e+06        1    6.05e-02    5.13e-01
   6  3.910127e+04    7.78e-02    1.64e+01   1.23e+00   9.97e-01  7.29e+06        1    5.76e-02    5.70e-01
   7  3.910124e+04    2.89e-02    1.13e+01   1.02e+00   9.99e-01  2.19e+07        1    5.42e-02    6.25e-01
   8  3.910124e+04    2.52e-03    1.99e+00   3.50e-01   1.01e+00  6.56e+07        1    5.42e-02    6.79e-01
   9  3.910124e+04    4.05e-05    6.19e-01   4.49e-02   1.03e+00  1.97e+08        1    5.49e-02    7.34e-01
iter      cost      cost_change  |gradient|   |step|    tr_ratio  tr_radius  ls_iter  iter_time  total_time
   0  1.306695e+04    0.00e+00    1.72e+04   0.00e+00   0.00e+00  1.00e+04        0    2.56e-02    1.38e-01
   1  1.240684e+04    6.60e+02    6.91e+03   0.00e+00   9.71e-01  3.00e+04        1    6.77e-02    2.06e-01
   2  1.238504e+04    2.18e+01    7.98e+01   1.39e+00   1.00e+00  9.00e+04        1    6.04e-02    2.67e-01
   3  1.238493e+04    1.04e-01    3.02e+00   3.78e-01   1.00e+00  2.70e+05        1    5.55e-02    3.22e-01
   4  1.238491e+04    2.74e-02    1.97e+00   2.46e-01   1.00e+00  8.10e+05        1    5.45e-02    3.77e-01
   5  1.238485e+04    5.17e-02    5.00e+00   5.90e-01   1.00e+00  2.43e+06        1    5.72e-02    4.34e-01
   6  1.238480e+04    5.46e-02    1.26e+01   9.34e-01   1.00e+00  7.29e+06        1    5.69e-02    4.91e-01
   7  1.238478e+04    1.96e-02    8.32e+00   7.57e-01   1.00e+00  2.19e+07        1    5.70e-02    5.48e-01
   8  1.238478e+04    1.58e-03    1.99e+00   2.49e-01   1.01e+00  6.56e+07        1    5.60e-02    6.04e-01
   9  1.238478e+04    2.37e-05    4.28e-01   3.04e-02   1.03e+00  1.97e+08        1    5.53e-02    6.60e-01
iter      cost      cost_change  |gradient|   |step|    tr_ratio  tr_radius  ls_iter  iter_time  total_time
   0  1.239539e+04    0.00e+00    9.58e+02   0.00e+00   0.00e+00  1.00e+04        0    2.46e-02    1.25e-01
   1  1.239018e+04    5.21e+00    2.31e+00   0.00e+00   1.00e+00  3.00e+04        1    6.36e-02    1.88e-01
   2  1.239018e+04    1.06e-03    5.22e-01   3.26e-02   1.01e+00  9.00e+04        1    5.88e-02    2.47e-01
iter      cost      cost_change  |gradient|   |step|    tr_ratio  tr_radius  ls_iter  iter_time  total_time
   0  3.978338e+04    0.00e+00    2.79e+04   0.00e+00   0.00e+00  1.00e+04        0    3.85e-02    1.76e-01
   1  2.861630e+04    1.12e+04    2.29e+03   0.00e+00   9.95e-01  3.00e+04        1    1.43e-01    3.19e-01
   2  2.859674e+04    1.96e+01    2.32e+01   6.48e-01   9.97e-01  9.00e+04        1    7.03e-02    3.89e-01
   3  2.859670e+04    3.45e-02    1.97e+00   1.01e-01   1.04e+00  2.70e+05        1    6.21e-02    4.51e-01
   4  2.859670e+04    2.60e-03    1.66e+00   7.64e-02   1.00e+00  8.10e+05        1    5.84e-02    5.10e-01
   5  2.859670e+04    4.78e-03    1.91e+00   1.77e-01   1.00e+00  2.43e+06        1    5.94e-02    5.70e-01
   6  2.859669e+04    5.33e-03    1.78e+00   2.91e-01   1.00e+00  7.29e+06        1    5.83e-02    6.28e-01
   7  2.859669e+04    2.09e-03    1.99e+00   2.50e-01   1.00e+00  2.19e+07        1    5.91e-02    6.87e-01
   8  2.859669e+04    1.88e-04    2.00e+00   8.84e-02   1.01e+00  6.56e+07        1    6.18e-02    7.49e-01
   9  2.859669e+04    3.20e-06    8.92e-02   1.17e-02   1.03e+00  1.97e+08        1    6.04e-02    8.10e-01
iter      cost      cost_change  |gradient|   |step|    tr_ratio  tr_radius  ls_iter  iter_time  total_time
   0  1.388254e+04    0.00e+00    1.55e+04   0.00e+00   0.00e+00  1.00e+04        0    2.38e-02    1.61e-01
   1  1.333291e+04    5.50e+02    2.25e+03   0.00e+00   1.00e+00  3.00e+04        1    1.18e-01    2.80e-01
   2  1.333137e+04    1.53e+00    1.02e+01   1.74e-01   1.01e+00  9.00e+04        1    6.09e-02    3.41e-01
   3  1.333137e+04    4.26e-03    1.77e+00   2.51e-02   1.01e+00  2.70e+05        1    6.32e-02    4.04e-01
   4  1.333137e+04    1.32e-03    7.73e-01   5.37e-02   1.00e+00  8.10e+05        1    6.20e-02    4.66e-01
iter      cost      cost_change  |gradient|   |step|    tr_ratio  tr_radius  ls_iter  iter_time  total_time
   0  1.335636e+04    0.00e+00    1.19e+03   0.00e+00   0.00e+00  1.00e+04        0    3.20e-02    1.76e-01
   1  1.334682e+04    9.53e+00    5.60e+00   0.00e+00   1.00e+00  3.00e+04        1    1.28e-01    3.04e-01
   2  1.334682e+04    1.66e-03    5.48e-01   6.82e-02   1.01e+00  9.00e+04        1    6.52e-02    3.69e-01
iter      cost      cost_change  |gradient|   |step|    tr_ratio  tr_radius  ls_iter  iter_time  total_time
   0  5.270459e+04    0.00e+00    2.82e+04   0.00e+00   0.00e+00  1.00e+04        0    3.89e-02    2.09e-01
   1  3.218039e+04    2.05e+04    6.50e+03   0.00e+00   1.00e+00  3.00e+04        1    1.50e-01    3.59e-01
   2  3.210974e+04    7.06e+01    2.42e+02   7.44e-01   1.01e+00  9.00e+04        1    7.46e-02    4.34e-01
   3  3.210948e+04    2.62e-01    9.79e+00   1.38e-01   1.03e+00  2.70e+05        1    6.69e-02    5.01e-01
   4  3.210948e+04    3.37e-03    1.88e+00   4.71e-02   1.03e+00  8.10e+05        1    6.75e-02    5.69e-01
   5  3.210947e+04    1.47e-03    1.99e+00   9.19e-02   1.00e+00  2.43e+06        1    6.67e-02    6.35e-01
   6  3.210947e+04    1.88e-03    1.98e+00   1.64e-01   1.00e+00  7.29e+06        1    6.27e-02    6.98e-01
   7  3.210947e+04    9.29e-04    1.99e+00   1.63e-01   1.00e+00  2.19e+07        1    6.54e-02    7.64e-01
   8  3.210947e+04    1.14e-04    1.17e+00   6.92e-02   1.01e+00  6.56e+07        1    6.70e-02    8.31e-01
   9  3.210947e+04    2.65e-06    7.84e-02   1.11e-02   1.02e+00  1.97e+08        1    6.48e-02    8.96e-01
iter      cost      cost_change  |gradient|   |step|    tr_ratio  tr_radius  ls_iter  iter_time  total_time
   0  1.532420e+04    0.00e+00    1.29e+04   0.00e+00   0.00e+00  1.00e+04        0    2.54e-02    1.91e-01
   1  1.487800e+04    4.46e+02    5.44e+03   0.00e+00   9.91e-01  3.00e+04        1    1.32e-01    3.22e-01
   2  1.487137e+04    6.63e+00    9.48e+01   4.36e-01   1.00e+00  9.00e+04        1    6.64e-02    3.89e-01
   3  1.487121e+04    1.61e-01    5.10e+00   1.38e-01   1.00e+00  2.70e+05        1    6.50e-02    4.54e-01
   4  1.487121e+04    3.30e-03    1.80e+00   4.68e-02   1.00e+00  8.10e+05        1    6.30e-02    5.17e-01
   5  1.487120e+04    3.36e-03    1.90e+00   1.25e-01   1.00e+00  2.43e+06        1    6.39e-02    5.81e-01
   6  1.487120e+04    3.98e-03    1.94e+00   2.13e-01   1.00e+00  7.29e+06        1    6.33e-02    6.45e-01
   7  1.487120e+04    1.72e-03    1.95e+00   1.95e-01   1.00e+00  2.19e+07        1    6.58e-02    7.11e-01
   8  1.487120e+04    1.77e-04    1.83e+00   7.46e-02   1.01e+00  6.56e+07        1    6.35e-02    7.74e-01
   9  1.487120e+04    3.43e-06    1.09e-01   1.07e-02   1.03e+00  1.97e+08        1    6.38e-02    8.38e-01
iter      cost      cost_change  |gradient|   |step|    tr_ratio  tr_radius  ls_iter  iter_time  total_time
   0  1.420214e+05    0.00e+00    1.96e+05   0.00e+00   0.00e+00  1.00e+04        0    3.46e-02    2.04e-01
   1  7.401311e+04    6.80e+04    2.54e+05   0.00e+00   9.56e-01  3.00e+04        1    1.61e-01    3.66e-01
   2  7.040329e+04    3.61e+03    1.97e+03   3.37e+00   1.01e+00  9.00e+04        1    9.42e-02    4.60e-01
   3  7.039525e+04    8.04e+00    8.83e+01   1.08e-01   1.16e+00  2.70e+05        1    7.14e-02    5.31e-01
   4  7.039486e+04    3.93e-01    1.26e+01   1.60e-01   1.22e+00  8.10e+05        1    6.84e-02    6.00e-01
   5  7.039482e+04    4.10e-02    4.83e+00   2.80e-01   1.13e+00  2.43e+06        1    6.90e-02    6.69e-01
   6  7.039480e+04    2.35e-02    4.36e+00   4.97e-01   1.01e+00  7.29e+06        1    6.98e-02    7.39e-01
   7  7.039479e+04    1.11e-02    4.29e+00   4.96e-01   1.00e+00  2.19e+07        1    7.01e-02    8.09e-01
   8  7.039478e+04    1.39e-03    1.95e+00   2.14e-01   1.01e+00  6.56e+07        1    7.26e-02    8.82e-01
   9  7.039478e+04    3.35e-05    5.28e-01   3.47e-02   1.03e+00  1.97e+08        1    7.10e-02    9.53e-01
iter      cost      cost_change  |gradient|   |step|    tr_ratio  tr_radius  ls_iter  iter_time  total_time
   0  1.837857e+04    0.00e+00    3.99e+04   0.00e+00   0.00e+00  1.00e+04        0    3.62e-02    2.14e-01
   1  1.724740e+04    1.13e+03    1.30e+05   0.00e+00   5.73e-01  1.00e+04        1    1.45e-01    3.59e-01
   2  1.639754e+04    8.50e+02    2.41e+02   1.17e+00   1.00e+00  3.01e+04        1    7.50e-02    4.34e-01
   3  1.639714e+04    4.00e-01    1.01e+01   5.79e-01   1.00e+00  9.03e+04        1    7.21e-02    5.06e-01
   4  1.639713e+04    1.31e-02    1.99e+00   1.04e-01   1.00e+00  2.71e+05        1    7.19e-02    5.78e-01
   5  1.639713e+04    3.30e-03    1.70e+00   6.47e-02   1.00e+00  8.13e+05        1    7.03e-02    6.49e-01
   6  1.639712e+04    6.43e-03    1.92e+00   1.56e-01   1.00e+00  2.44e+06        1    7.00e-02    7.19e-01
   7  1.639711e+04    7.13e-03    1.78e+00   2.55e-01   1.00e+00  7.31e+06        1    7.21e-02    7.91e-01
   8  1.639711e+04    2.76e-03    2.00e+00   2.17e-01   1.00e+00  2.19e+07        1    7.26e-02    8.64e-01
   9  1.639711e+04    2.45e-04    1.98e+00   7.63e-02   1.01e+00  6.58e+07        1    6.98e-02    9.34e-01
  10  1.639711e+04    3.99e-06    1.02e-01   9.94e-03   1.02e+00  1.97e+08        1    7.15e-02    1.01e+00
iter      cost      cost_change  |gradient|   |step|    tr_ratio  tr_radius  ls_iter  iter_time  total_time
   0  1.652651e+04    0.00e+00    2.87e+03   0.00e+00   0.00e+00  1.00e+04        0    3.00e-02    2.01e-01
   1  1.647171e+04    5.48e+01    1.37e+03   0.00e+00   9.97e-01  3.00e+04        1    1.43e-01    3.44e-01
   2  1.647156e+04    1.56e-01    2.79e+00   2.98e-01   1.00e+00  9.00e+04        1    7.04e-02    4.15e-01
   3  1.647156e+04    2.01e-03    9.87e-01   5.12e-02   1.00e+00  2.70e+05        1    7.09e-02    4.86e-01
iter      cost      cost_change  |gradient|   |step|    tr_ratio  tr_radius  ls_iter  iter_time  total_time
   0  2.602364e+05    0.00e+00    2.09e+05   0.00e+00   0.00e+00  1.00e+04        0    6.19e-02    2.48e-01
   1  1.143406e+05    1.46e+05    1.92e+05   0.00e+00   9.75e-01  3.00e+04        1    1.94e-01    4.42e-01
   2  1.080495e+05    6.29e+03    4.16e+03   9.88e+00   1.01e+00  9.00e+04        1    9.07e-02    5.33e-01
   3  1.080081e+05    4.15e+01    1.37e+02   1.81e+00   1.11e+00  2.70e+05        1    8.21e-02    6.15e-01
   4  1.080059e+05    2.15e+00    4.03e+01   6.27e-01   1.25e+00  8.10e+05        1    7.85e-02    6.94e-01
   5  1.080056e+05    2.73e-01    1.74e+01   4.57e-01   1.22e+00  2.43e+06        1    7.79e-02    7.72e-01
   6  1.080056e+05    8.89e-02    1.59e+01   7.73e-01   1.06e+00  7.29e+06        1    7.68e-02    8.49e-01
   7  1.080055e+05    3.08e-02    1.06e+01   7.12e-01   1.02e+00  2.19e+07        1    7.62e-02    9.25e-01
   8  1.080055e+05    3.24e-03    2.00e+00   2.75e-01   1.03e+00  6.56e+07        1    7.89e-02    1.00e+00
   9  1.080055e+05    8.88e-05    1.89e+00   3.95e-02   1.11e+00  1.97e+08        1    8.06e-02    1.08e+00
  10  1.080055e+05    3.82e-06    5.90e-01   2.33e-03   1.29e+00  5.90e+08        1    7.97e-02    1.16e+00
iter      cost      cost_change  |gradient|   |step|    tr_ratio  tr_radius  ls_iter  iter_time  total_time
   0  2.111807e+04    0.00e+00    4.32e+04   0.00e+00   0.00e+00  1.00e+04        0    3.66e-02    2.23e-01
   1  1.885306e+04    2.27e+03    1.05e+05   0.00e+00   7.04e-01  1.07e+04        1    1.60e-01    3.84e-01
   2  1.787611e+04    9.77e+02    7.89e+02   1.80e+00   1.00e+00  3.22e+04        1    8.16e-02    4.65e-01
   3  1.787361e+04    2.50e+00    7.55e+01   7.23e-01   1.00e+00  9.65e+04        1    8.57e-02    5.51e-01
   4  1.787350e+04    1.14e-01    6.88e+00   1.38e-01   1.00e+00  2.90e+05        1    7.98e-02    6.31e-01
   5  1.787345e+04    5.06e-02    1.92e+00   2.44e-01   1.00e+00  8.69e+05        1    8.09e-02    7.12e-01
   6  1.787335e+04    9.27e-02    9.18e+00   5.57e-01   1.00e+00  2.61e+06        1    7.88e-02    7.91e-01
   7  1.787327e+04    8.83e-02    2.04e+01   8.27e-01   1.00e+00  7.82e+06        1    7.57e-02    8.67e-01
   8  1.787324e+04    2.70e-02    1.10e+01   6.08e-01   1.00e+00  2.35e+07        1    7.66e-02    9.44e-01
   9  1.787324e+04    1.77e-03    1.95e+00   1.77e-01   1.01e+00  7.04e+07        1    7.77e-02    1.02e+00
  10  1.787324e+04    2.11e-05    3.35e-01   1.91e-02   1.03e+00  2.11e+08        1    7.76e-02    1.10e+00
iter      cost      cost_change  |gradient|   |step|    tr_ratio  tr_radius  ls_iter  iter_time  total_time
   0  1.805973e+04    0.00e+00    2.24e+03   0.00e+00   0.00e+00  1.00e+04        0    3.89e-02    2.56e-01
   1  1.797820e+04    8.15e+01    1.31e+03   0.00e+00   9.98e-01  3.00e+04        1    1.60e-01    4.16e-01
   2  1.797782e+04    3.81e-01    7.17e+00   1.80e-01   1.00e+00  9.00e+04        1    8.13e-02    4.97e-01
   3  1.797781e+04    3.10e-03    6.69e-01   3.24e-02   1.00e+00  2.70e+05        1    8.09e-02    5.78e-01
iter      cost      cost_change  |gradient|   |step|    tr_ratio  tr_radius  ls_iter  iter_time  total_time
   0  1.213567e+05    0.00e+00    1.87e+05   0.00e+00   0.00e+00  1.00e+04        0    4.74e-02    2.44e-01
   1  1.774754e+05   -5.61e+04    1.87e+05   0.00e+00  -8.69e-01  5.00e+03        1    1.80e-01    4.24e-01
   2  1.601914e+05   -3.88e+04    1.87e+05   0.00e+00  -6.02e-01  1.25e+03        1    6.97e-02    4.94e-01
   3  1.044803e+05    1.69e+04    7.24e+05   0.00e+00   2.64e-01  1.13e+03        1    9.28e-02    5.87e-01
   4  5.521051e+04    4.93e+04    5.54e+04   2.87e+00   9.81e-01  3.39e+03        1    8.80e-02    6.75e-01
   5  5.400402e+04    1.21e+03    8.21e+04   1.88e+00   4.96e-01  3.39e+03        1    8.65e-02    7.61e-01
   6  5.328978e+04    7.14e+02    3.43e+03   7.28e-01   6.81e-01  3.56e+03        1    8.88e-02    8.50e-01
   7  5.318763e+04    1.02e+02    5.34e+03   5.91e-01   4.10e-01  3.54e+03        1    8.55e-02    9.36e-01
   8  5.315251e+04    3.51e+01    1.21e+03   2.54e-01   3.78e-01  3.49e+03        1    8.69e-02    1.02e+00
   9  5.313784e+04    1.47e+01    6.82e+02   2.08e-01   3.82e-01  3.44e+03        1    8.64e-02    1.11e+00
  10  5.313229e+04    5.55e+00    2.07e+02   1.15e-01   3.60e-01  3.37e+03        1    8.78e-02    1.20e+00
  11  5.312988e+04    2.41e+00    1.59e+02   8.23e-02   3.72e-01  3.31e+03        1    8.65e-02    1.28e+00
  12  5.312890e+04    9.73e-01    5.52e+01   5.38e-02   3.62e-01  3.25e+03        1    8.79e-02    1.37e+00
  13  5.312849e+04    4.15e-01    4.74e+01   3.51e-02   3.71e-01  3.19e+03        1    8.74e-02    1.46e+00
  14  5.312832e+04    1.72e-01    2.25e+01   2.50e-02   3.67e-01  3.13e+03        1    8.52e-02    1.54e+00
  15  5.312824e+04    7.28e-02    1.60e+01   1.58e-02   3.77e-01  3.09e+03        1    9.25e-02    1.64e+00
  16  5.312821e+04    3.06e-02    9.13e+00   1.18e-02   3.79e-01  3.04e+03        1    9.19e-02    1.73e+00
  17  5.312820e+04    1.30e-02    5.85e+00   7.44e-03   3.90e-01  3.01e+03        1    8.77e-02    1.82e+00
  18  5.312819e+04    5.58e-03    3.69e+00   5.70e-03   3.98e-01  2.99e+03        1    8.96e-02    1.91e+00
  19  5.312819e+04    2.43e-03    2.24e+00   3.72e-03   4.15e-01  2.97e+03        1    9.09e-02    2.00e+00
  20  5.312819e+04    1.07e-03    1.74e+00   2.91e-03   4.33e-01  2.96e+03        1    9.05e-02    2.09e+00
  21  5.312819e+04    4.85e-04    1.72e+00   1.99e-03   4.60e-01  2.96e+03        1    8.71e-02    2.18e+00
  22  5.312819e+04    2.26e-04    1.18e+00   1.58e-03   4.93e-01  2.96e+03        1    8.68e-02    2.26e+00
  23  5.312819e+04    1.11e-04    1.29e+00   1.15e-03   5.39e-01  2.96e+03        1    8.84e-02    2.35e+00
  24  5.312819e+04    5.76e-05    1.70e+00   9.41e-04   5.99e-01  2.99e+03        1    9.08e-02    2.44e+00
  25  5.312819e+04    3.29e-05    1.28e+00   7.39e-04   6.77e-01  3.13e+03        1    8.85e-02    2.53e+00
  26  5.312819e+04    2.16e-05    1.08e+00   6.57e-04   7.71e-01  3.72e+03        1    9.12e-02    2.62e+00
  27  5.312819e+04    1.79e-05    5.23e-01   6.45e-04   8.69e-01  6.22e+03        1    8.57e-02    2.71e+00
iter      cost      cost_change  |gradient|   |step|    tr_ratio  tr_radius  ls_iter  iter_time  total_time
   0  2.132747e+04    0.00e+00    1.34e+04   0.00e+00   0.00e+00  1.00e+04        0    3.98e-02    2.49e-01
   1  2.001001e+04    1.32e+03    6.44e+04   0.00e+00   8.09e-01  1.31e+04        1    1.79e-01    4.28e-01
   2  1.968687e+04    3.23e+02    3.01e+02   9.06e-01   1.00e+00  3.93e+04        1    9.15e-02    5.20e-01
   3  1.968589e+04    9.79e-01    2.69e+01   2.43e-01   1.02e+00  1.18e+05        1    8.99e-02    6.10e-01
   4  1.968586e+04    3.12e-02    1.97e+00   3.97e-02   1.04e+00  3.54e+05        1    8.43e-02    6.94e-01
   5  1.968586e+04    9.76e-04    9.44e-01   2.87e-02   1.05e+00  1.06e+06        1    8.60e-02    7.80e-01
iter      cost      cost_change  |gradient|   |step|    tr_ratio  tr_radius  ls_iter  iter_time  total_time
   0  1.972122e+04    0.00e+00    3.73e+03   0.00e+00   0.00e+00  1.00e+04        0    3.85e-02    2.61e-01
   1  1.964679e+04    7.44e+01    6.04e+02   0.00e+00   9.99e-01  3.00e+04        1    1.83e-01    4.44e-01
   2  1.964670e+04    8.83e-02    1.93e+00   1.78e-01   1.01e+00  9.00e+04        1    8.77e-02    5.32e-01
   3  1.964670e+04    1.05e-03    4.90e-01   2.41e-02   1.05e+00  2.70e+05        1    8.58e-02    6.18e-01
iter      cost      cost_change  |gradient|   |step|    tr_ratio  tr_radius  ls_iter  iter_time  total_time
   0  1.408252e+05    0.00e+00    5.04e+04   0.00e+00   0.00e+00  1.00e+04        0    5.17e-02    2.84e-01
   1  8.371600e+04    5.71e+04    3.74e+04   0.00e+00   1.00e+00  3.00e+04        1    2.11e-01    4.95e-01
   2  8.275812e+04    9.58e+02    1.46e+04   5.20e+00   8.88e-01  5.63e+04        1    1.07e-01    6.02e-01
   3  8.267253e+04    8.56e+01    3.55e+02   3.91e+00   9.16e-01  1.33e+05        1    9.58e-02    6.98e-01
   4  8.266710e+04    5.43e+00    5.41e+02   1.13e+00   7.73e-01  1.58e+05        1    9.88e-02    7.97e-01
   5  8.266625e+04    8.48e-01    5.87e+01   4.46e-01   7.29e-01  1.75e+05        1    9.76e-02    8.94e-01
   6  8.266601e+04    2.45e-01    5.02e+01   3.08e-01   7.92e-01  2.19e+05        1    9.97e-02    9.94e-01
   7  8.266584e+04    1.67e-01    1.74e+01   3.47e-01   9.31e-01  6.11e+05        1    9.61e-02    1.09e+00
   8  8.266553e+04    3.12e-01    2.06e+01   8.19e-01   9.94e-01  1.83e+06        1    9.86e-02    1.19e+00
   9  8.266509e+04    4.36e-01    7.48e+01   1.55e+00   9.98e-01  5.49e+06        1    1.00e-01    1.29e+00
  10  8.266484e+04    2.51e-01    8.89e+01   1.68e+00   9.93e-01  1.65e+07        1    9.91e-02    1.39e+00
  11  8.266480e+04    3.91e-02    1.97e+01   7.85e-01   1.00e+00  4.95e+07        1    9.68e-02    1.49e+00
  12  8.266480e+04    1.14e-03    1.84e+00   1.38e-01   1.01e+00  1.48e+08        1    9.94e-02    1.59e+00
  13  8.266480e+04    7.84e-06    2.89e-01   9.92e-03   9.41e-01  4.45e+08        1    9.60e-02    1.68e+00
iter      cost      cost_change  |gradient|   |step|    tr_ratio  tr_radius  ls_iter  iter_time  total_time
   0  2.410988e+04    0.00e+00    3.58e+04   0.00e+00   0.00e+00  1.00e+04        0    5.41e-02    2.83e-01
   1  2.362238e+04    4.87e+02    2.39e+04   0.00e+00   1.96e-01  8.16e+03        1    2.09e-01    4.92e-01
   2  2.153347e+04    2.09e+03    6.74e+03   3.05e+00   9.93e-01  2.45e+04        1    1.07e-01    6.00e-01
   3  2.148677e+04    4.67e+01    3.48e+03   1.13e+00   9.74e-01  7.34e+04        1    9.80e-02    6.98e-01
   4  2.148089e+04    5.88e+00    4.83e+02   4.21e-01   1.08e+00  2.20e+05        1    1.08e-01    8.06e-01
   5  2.148040e+04    4.90e-01    9.57e+01   4.13e-01   1.11e+00  6.61e+05        1    9.28e-02    8.99e-01
   6  2.147999e+04    4.07e-01    4.02e+01   9.60e-01   1.00e+00  1.98e+06        1    9.47e-02    9.94e-01
   7  2.147951e+04    4.79e-01    8.80e+01   1.68e+00   9.91e-01  5.95e+06        1    9.56e-02    1.09e+00
   8  2.147929e+04    2.27e-01    8.15e+01   1.63e+00   9.89e-01  1.78e+07        1    9.52e-02    1.18e+00
   9  2.147926e+04    2.92e-02    1.44e+01   6.84e-01   1.00e+00  5.35e+07        1    9.48e-02    1.28e+00
  10  2.147926e+04    6.80e-04    1.80e+00   1.08e-01   1.02e+00  1.61e+08        1    9.67e-02    1.38e+00
  11  2.147926e+04    3.43e-06    1.54e-01   7.00e-03   1.04e+00  4.82e+08        1    9.44e-02    1.47e+00
iter      cost      cost_change  |gradient|   |step|    tr_ratio  tr_radius  ls_iter  iter_time  total_time
   0  2.167468e+04    0.00e+00    2.56e+03   0.00e+00   0.00e+00  1.00e+04        0    5.52e-02    2.80e-01
   1  2.157582e+04    9.89e+01    7.26e+02   0.00e+00   1.00e+00  3.00e+04        1    2.16e-01    4.96e-01
   2  2.157450e+04    1.32e+00    2.40e+02   2.19e-01   1.09e+00  9.00e+04        1    1.05e-01    6.01e-01
   3  2.157434e+04    1.65e-01    2.86e+01   5.07e-02   1.21e+00  2.70e+05        1    9.69e-02    6.98e-01
   4  2.157433e+04    1.42e-02    2.25e+00   1.61e-02   1.25e+00  8.10e+05        1    9.62e-02    7.94e-01
   5  2.157432e+04    1.27e-03    1.23e+00   2.39e-02   1.21e+00  2.43e+06        1    9.67e-02    8.91e-01
   6  2.157432e+04    2.99e-04    7.82e-01   3.90e-02   1.06e+00  7.29e+06        1    9.62e-02    9.88e-01
iter      cost      cost_change  |gradient|   |step|    tr_ratio  tr_radius  ls_iter  iter_time  total_time
   0  7.127902e+04    0.00e+00    6.53e+04   0.00e+00   0.00e+00  1.00e+04        0    6.01e-02    3.02e-01
   1  3.971950e+04    3.16e+04    9.74e+03   0.00e+00   9.87e-01  3.00e+04        1    2.37e-01    5.39e-01
   2  3.954948e+04    1.70e+02    1.85e+03   2.39e+00   8.25e-01  4.13e+04        1    1.12e-01    6.52e-01
   3  3.953793e+04    1.16e+01    9.26e+01   3.52e-01   7.97e-01  5.22e+04        1    1.08e-01    7.60e-01
   4  3.953709e+04    8.40e-01    6.29e+01   2.08e-01   6.71e-01  5.44e+04        1    1.07e-01    8.67e-01
   5  3.953698e+04    1.09e-01    1.12e+01   4.11e-02   7.06e-01  5.85e+04        1    1.06e-01    9.73e-01
   6  3.953697e+04    1.38e-02    3.45e+00   2.85e-02   6.68e-01  6.08e+04        1    1.09e-01    1.08e+00
   7  3.953697e+04    1.83e-03    1.68e+00   5.67e-03   6.98e-01  6.49e+04        1    1.14e-01    1.20e+00
   8  3.953697e+04    2.46e-04    1.46e+00   4.03e-03   6.67e-01  6.74e+04        1    1.14e-01    1.31e+00
   9  3.953697e+04    3.73e-05    7.04e-01   1.33e-03   7.14e-01  7.31e+04        1    1.09e-01    1.42e+00
iter      cost      cost_change  |gradient|   |step|    tr_ratio  tr_radius  ls_iter  iter_time  total_time
   0  2.334768e+04    0.00e+00    2.69e+04   0.00e+00   0.00e+00  1.00e+04        0    7.71e-02    3.19e-01
   1  2.276609e+04    5.82e+02    2.86e+03   0.00e+00   9.99e-01  3.00e+04        1    2.37e-01    5.56e-01
   2  2.276159e+04    4.49e+00    8.64e+01   4.74e-01   1.02e+00  9.00e+04        1    1.16e-01    6.72e-01
   3  2.276139e+04    2.08e-01    1.26e+01   6.61e-02   1.08e+00  2.70e+05        1    1.12e-01    7.84e-01
   4  2.276138e+04    9.62e-03    1.65e+00   1.65e-02   1.23e+00  8.10e+05        1    1.16e-01    9.00e-01
   5  2.276138e+04    7.54e-04    1.01e+00   1.38e-02   1.23e+00  2.43e+06        1    1.08e-01    1.01e+00
   6  2.276138e+04    1.20e-04    4.58e-01   2.03e-02   1.10e+00  7.29e+06        1    1.03e-01    1.11e+00
iter      cost      cost_change  |gradient|   |step|    tr_ratio  tr_radius  ls_iter  iter_time  total_time
   0  2.284702e+04    0.00e+00    3.41e+03   0.00e+00   0.00e+00  1.00e+04        0    6.83e-02    2.97e-01
   1  2.281438e+04    3.26e+01    7.09e+00   0.00e+00   1.00e+00  3.00e+04        1    2.44e-01    5.41e-01
   2  2.281437e+04    1.21e-02    1.87e+00   1.17e-01   1.06e+00  9.00e+04        1    1.13e-01    6.55e-01
   3  2.281437e+04    6.46e-04    9.20e-01   1.47e-02   1.17e+00  2.70e+05        1    1.14e-01    7.69e-01
iter      cost      cost_change  |gradient|   |step|    tr_ratio  tr_radius  ls_iter  iter_time  total_time
   0  2.341203e+04    0.00e+00    4.35e+03   0.00e+00   0.00e+00  1.00e+04        0    6.57e-02    3.22e-01
   1  2.330941e+04    1.03e+02    1.45e+02   0.00e+00   9.98e-01  3.00e+04        1    2.31e-01    5.53e-01
   2  2.330924e+04    1.69e-01    3.10e+00   6.44e-02   1.00e+00  9.00e+04        1    1.18e-01    6.72e-01
   3  2.330924e+04    4.05e-03    1.47e+00   1.01e-02   1.07e+00  2.70e+05        1    1.14e-01    7.86e-01
   4  2.330924e+04    1.53e-04    4.20e-01   3.21e-03   1.20e+00  8.10e+05        1    1.08e-01    8.94e-01
